10001
10001
10003
10009
10011
10012
10013
10015
10017
10018
10019
10021
10022
10023
10024
10025
10026
10027
10028
10030
10031
10032
10033
10035
10036
10039
10045
10050
10052
10053
10054
10055
10058
10061
10062
10063
10064
10068
10069
10072
10073
10081
10083
10084
10089
10090
10091
10092
10095
10096
10097
10098
10101
10103
10104
10105
10107
10108
10111
10112
10113
10114
10115
10116
10118
10119
10120
10122
10123
10124
10126
10127
10128
10130
10131
10132
10134
10139
10140
10144
10146
10147
10149
10151
10160
10162
10163
10164
10168
10169
10174
10175
10176
10180
10183
10184
10186
10188
10189
10190
10191
10192
10194
10199
10201
10202
10204
10205
10209
10210
10211
10213
10215
10216
10218
10222
10226
10227
10237
10239
10243
10244
10245
10248
10250
10251
10252
10253
10258
10262
10264
10265
10267
10268
10270
10271
10275
10278
10280
10282
10285
10290
10293
10297
10299
10300
10306
10307
10308
10312
10315
10317
10319
10322
10328
10334
10335
10336
10341
10342
10347
10348
10351
10355
10358
10364
10366
10369
10370
10372
10373
10379
10381
10388
10389
10392
10393
10397
10402
10411
10412
10414
10415
10416
10419
10422
10423
10433
10437
10439
10441
10445
10446
10447
10451
10452
10456
10457
10462
10465
10466
10467
10479
10482
10483
10484
10485
10488
10490
10491
10493
10495
10497
10498
10501
10503
10506
10512
10513
10514
10517
10518
10520
10522
10525
10526
10529
10532
10534
10535
10538
10540
10543
10546
10548
10555
10556
10557
10558
10559
10560
10562
10563
10564
10565
10566
10570
10572
10573
10575
10577
10578
10580
10581
10582
10585
10587
10588
10589
10591
10593
10595
10597
10600
10606
10607
10609
10610
10611
10612
10614
10616
10620
10622
10623
10630
10633
10634
10635
10638
10639
10640
10644
10647
10654
10657
10658
10660
10662
10663
10665
10667
10668
10669
10671
10672
10675
10678
10679
10680
10681
10682
10683
10684
10685
10688
10689
10690
10691
10693
10694
10695
10696
10697
10698
10699
10702
10703
10707
10708
10709
10710
10712
10716
10717
10718
10720
10725
10729
10730
10732
10733
10734
10737
10739
10740
10741
10743
10746
10747
10749
10750
10751
10752
10753
10754
10757
10758
10759
10760
10761
10762
10763
10765
10766
10775
10777
10779
10780
10781
10782
10783
10784
10785
10788
10789
10792
10793
10794
10796
10805
10808
10810
10817
10818
10821
10822
10824
10825
10826
10827
10828
10830
10831
10835
10840
10843
10845
10853
10854
10862
10864
10866
10869
10870
10871
10872
10873
10876
10877
10881
10882
10884
10886
10889
10891
10893
10894
10899
10904
10908
10914
10915
10916
10919
10922
10927
10932
10933
10937
10946
10947
10949
10951
10960
10961
10963
10964
10966
10967
10973
10975
10976
10977
10984
10986
10987
10988
10990
10991
10993
10994
10997
10998
11000
11001
11002
11005
11006
11009
11010
11011
11013
11018
11023
11026
11027
11028
11030
11032
11033
11035
11036
11040
11041
11042
11044
11046
11047
11052
11053
11054
11056
11058
11059
11060
11061
11064
11067
11069
11070
11073
11076
11077
11080
11083
11086
11087
11088
11090
11093
11095
11100
11101
11102
11103
11104
11107
11108
11109
11110
11111
11113
11114
11124
11126
11128
11129
11131
11132
11133
11134
11139
11140
11141
11144
11147
11148
11149
11151
11159
11162
11169
11176
11177
11180
11181
11182
11185
11186
11187
11188
11190
11191
11192
11193
11194
11199
11201
11203
11204
11205
11206
11207
11208
11211
11213
11215
11218
11219
11220
11221
11222
11223
11224
11225
11227
11228
11234
11236
11237
11242
11245
11249
11253
11255
11256
11257
11260
11263
11264
11265
11266
11269
11271
11278
11279
11280
11281
11283
11284
11285
11286
11291
11292
11294
11296
11297
11298
11302
11304
11308
11311
11312
11313
11314
11316
11318
11321
11324
11326
11331
11333
11335
11336
11337
11338
11339
11340
11341
11342
11343
11344
11345
11346
11349
11352
11353
11355
11357
11358
11361
11362
11363
11364
11365
11367
11368
11369
11370
11372
11373
11375
11376
11377
11379
11380
11383
11384
11385
11386
11387
11388
11389
11392
11395
11396
11398
11399
11401
11407
11411
11412
11413
11414
11415
11416
11417
11418
11422
11424
11427
11429
11430
11431
11433
11436
11439
11440
11447
11449
11450
11451
11453
11454
11455
11456
11458
11462
11464
11467
11469
11474
11475
11476
11477
11480
11481
11483
11484
11486
11491
11492
11493
11494
11498
11499
11500
11501
11503
11505
11506
11509
11510
11513
11514
11515
11516
11522
11523
11524
11525
11528
11531
11532
11533
11534
11537
11538
11540
11541
11542
11543
11544
11551
11553
11554
11555
11556
11558
11560
11561
11562
11564
11569
11570
11571
11572
11573
11575
11576
11577
11578
11580
11581
11584
11603
11607
11609
11612
11613
11614
11615
11616
11618
11620
11621
11623
11624
11626
11627
11630
11631
11632
11635
11636
11637
11641
11642
11643
11645
11646
11648
11653
11655
11656
11661
11662
11664
11665
11667
11670
11671
11675
11676
11677
11678
11679
11687
11689
11690
11691
11696
11697
11698
11702
11703
11704
11705
11710
11711
11715
11717
11719
11720
11722
11724
11725
11734
11736
11737
11739
11740
11744
11746
11754
11755
11767
11768
11774
11776
11778
11801
11804
11805
11806
11808
11810
11811
11812
11813
11814
11816
11817
11819
11821
11824
11826
11828
11829
11831
11833
11834
11838
11839
11840
11841
11843
11844
11845
11847
11848
11855
11856
11857
11858
11859
11860
11873
11901
11903
11904
11905
11906
11907
11909
11910
11911
11912
11913
11915
11917
11919
11923
11924
11928
11930
11931
11932
11936
11937
11938
11940
11942
11945
11946
11947
11948
11949
11954
11959
11960
11961
11962
11963
11965
11968
11969
11971
11973
11974
11975
11976
11982
11987
11990
11993
11998
12001
12003
12004
12006
12008
12009
12010
12013
12015
12016
12018
12022
12023
12024
12025
12026
12028
12030
12031
12032
12035
12038
12039
12041
12045
12046
12048
12051
12052
12056
12059
12060
12064
12065
12066
12069
12073
12078
12079
12082
12083
12084
12097
12100
12102
12105
12107
12108
12110
12113
12114
12116
12119
12120
12123
12125
12126
12127
12129
12130
12134
12136
12140
12142
12143
12146
12149
12150
12151
12154
12155
12157
12158
12159
12160
12164
12165
12166
12167
12168
12169
12179
12180
12182
12183
12184
12185
12186
12189
12191
12192
12194
12196
12197
12198
12200
12202
12205
12206
12208
12210
12211
12212
12215
12216
12217
12218
12221
12222
12223
12224
12225
12226
12228
12229
12230
12234
12235
12237
12238
12241
12242
12247
12248
12249
12250
12251
12253
12254
12261
12262
12265
12267
12269
12270
12271
12272
12273
12277
12278
12279
12283
12285
12286
12287
12290
12291
12292
12294
12295
12300
12302
12303
12304
12306
12307
12309
12313
12314
12317
12318
12319
12320
12322
12323
12324
12327
12334
12335
12340
12341
12342
12343
12346
12348
12349
12350
12351
12352
12355
12356
12357
12360
12362
12363
12365
12369
12370
12373
12377
12378
12381
12384
12388
12389
12392
12395
12398
12400
12402
12403
12404
12407
12409
12412
12416
12418
12423
12424
12429
12433
12434
12435
12436
12438
12439
12440
12442
12443
12444
12445
12446
12447
12448
12451
12452
12453
12455
12456
12460
12461
12462
12467
12468
12471
12472
12475
12476
12479
12480
12481
12482
12483
12484
12486
12487
12489
12491
12493
12494
12496
12497
12500
12504
12506
12510
12515
12516
12518
12519
12521
12522
12524
12525
12527
12528
12529
12530
12536
12537
12543
12547
12548
12549
12550
12552
12554
12555
12556
12560
12561
12563
12565
12566
12571
12576
12577
12578
12580
12585
12586
12588
12590
12591
12592
12598
12600
12602
12603
12607
12608
12610
12615
12616
12617
12619
12621
12622
12626
12627
12629
12630
12631
12633
12635
12637
12638
12639
12640
12641
12642
12643
12644
12645
12646
12648
12650
12651
12652
12653
12654
12655
12656
12658
12660
12661
12667
12668
12670
12672
12676
12678
12683
12684
12685
12687
12689
12690
12691
12694
12696
12698
12700
12704
12705
12706
12707
12709
12710
12711
12712
12713
12714
12718
12719
12720
12721
12722
12724
12726
12729
12730
12731
12732
12733
12737
12739
12740
12742
12743
12744
12745
12748
12750
12751
12754
12755
12760
12761
12763
12768
12771
12772
12773
12775
12777
12778
12779
12780
12783
12784
12786
12788
12789
12790
12791
12792
12800
12802
12803
12804
12805
12806
12808
12809
12810
12812
12813
12814
12817
12820
12825
12826
12827
12829
12830
12831
12832
12833
12834
12838
12839
12840
12843
12844
12845
12848
12849
12850
12852
12853
12856
12859
12864
12865
12867
12869
12873
12875
12876
12877
12879
12880
12882
12884
12885
12886
12887
12888
12891
12892
12894
12895
12899
12901
12902
12903
12906
12907
12911
12912
12916
12918
12921
12922
12925
12927
12930
12932
12934
12936
12937
12938
12941
12942
12945
12946
12948
12950
12951
12954
12955
12956
12958
12959
12961
12962
12963
12964
12968
12969
12970
12971
12974
12975
12976
12978
12979
12987
12988
12989
12991
12992
12993
12995
12996
12997
12999
13001
13002
13003
13006
13007
13008
13009
13010
13016
13018
13019
13021
13022
13023
13026
13028
13030
13031
13033
13034
13035
13036
13037
13038
13039
13040
13041
13043
13044
13045
13048
13050
13051
13052
13055
13056
13057
13059
13060
13061
13062
13063
13064
13066
13067
13068
13070
13072
13074
13077
13078
13079
13080
13082
13083
13085
13087
13088
13090
13092
13093
13094
13095
13097
13098
13100
13101
13102
13104
13106
13107
13109
13110
13111
13112
13113
13114
13116
13117
13119
13120
13122
13125
13126
13127
13128
13130
13131
13133
13134
13135
13142
13143
13144
13145
13146
13147
13148
13149
13150
13151
13152
13153
13154
13158
13159
13161
13163
13164
13165
13167
13168
13169
13172
13173
13174
13175
13176
13177
13179
13180
13182
13183
13186
13187
13189
13190
13192
13194
13195
13197
13198
13199
13202
13204
13205
13207
13209
13210
13211
13212
13213
13214
13218
13219
13220
13222
13223
13224
13226
13227
13229
13233
13234
13236
13239
13240
13241
13242
13243
13244
13247
13249
13250
13252
13257
13258
13260
13261
13264
13266
13268
13269
13270
13271
13272
13273
13274
13276
13277
13278
13279
13280
13281
13283
13284
13286
13288
13290
13291
13292
13293
13294
13297
13298
13299
13300
13302
13304
13307
13309
13310
13311
13312
13315
13316
13317
13318
13319
13320
13324
13326
13328
13329
13330
13332
13333
13335
13338
13340
13344
13346
13347
13349
13351
13352
13353
13354
13356
13358
13362
13363
13365
13367
13368
13372
13374
13383
13387
13388
13389
13390
13391
13392
13393
13394
13397
13398
13399
13400
13401
13403
13404
13406
13407
13408
13411
13413
13414
13415
13416
13418
13419
13421
13422
13423
13424
13425
13426
13427
13432
13433
13435
13437
13438
13439
13440
13441
13444
13445
13446
13449
13450
13453
13457
13460
13461
13464
13466
13469
13470
13471
13472
13473
13477
13481
13482
13486
13489
13490
13491
13492
13494
13495
13496
13498
13499
13500
13502
13503
13506
13507
13508
13511
13514
13515
13516
13520
13521
13522
13523
13524
13525
13526
13528
13529
13537
13538
13540
13545
13546
13547
13548
13549
13550
13551
13554
13556
13557
13559
13562
13563
13567
13568
13569
13570
13571
13578
13581
13583
13584
13586
13587
13589
13590
13592
13593
13594
13596
13599
13605
13606
13607
13608
13609
13610
13611
13612
13613
13619
13620
13621
13624
13625
13626
13627
13628
13629
13631
13633
13636
13640
13641
13642
13643
13645
13648
13649
13650
13651
13654
13655
13658
13659
13660
13662
13663
13664
13666
13667
13668
13670
13671
13673
13675
13676
13677
13681
13682
13685
13686
13687
13690
13691
13694
13695
13696
13697
13698
13700
13702
13703
13705
13706
13707
13709
13710
13712
13713
13714
13715
13716
13717
13719
13721
13722
13723
13724
13725
13726
13727
13729
13731
13732
13733
13734
13735
13738
13741
13743
13745
13747
13752
13753
13756
13759
13762
13765
13768
13769
13772
13773
13775
13776
13777
13780
13781
13784
13786
13788
13789
13792
13794
13796
13797
13798
13799
13801
13803
13814
13815
13817
13820
13821
13822
13823
13824
13825
13829
13831
13833
13834
13835
13836
13838
13839
13845
13846
13847
13848
13850
13851
13853
13854
13856
13858
13859
13860
14500
20007
20028
20123
20128
20138
20154
20156
20158
20172
20182
20193
20195
20216
20245
20253
20256
20273
20278
20280
20294
20299
20301
20305
20309
20310
20316
20319
20321
20355
20356
20366
20371
20381
20383
20392
20394
20404
20413
20423
20468
20471
20472
20476
20483
20495
20499
20501
20505
20506
20507
20519
20540
20545
20549
20552
20567
20575
20582
20591
20592
20597
20600
20605
20610
20617
20636
20637
20641
20642
20644
20646
20672
20698
20703
20713
20721
20726
20733
20740
20741
20747
20749
20760
20778
20779
20782
20795
20801
20805
20807
20818
20819
20820
20821
20825
20832
20833
20839
20841
20861
20875
20884
20888
20891
20931
20939
20940
20945
20947
20948
20949
20962
20975
20990
20992
20994
20997
21010
21036
21043
21046
21053
21057
21071
21076
21083
21088
21090
21092
21101
21105
21125
21127
21130
21135
21139
21142
21147
21167
21176
21177
21181
21183
21188
21192
21202
21216
21238
21248
21249
21271
21274
21280
21283
21284
21287
21289
21294
21297
21299
21301
21309
21316
21319
21321
21331
21332
21338
21345
21346
21350
21364
21367
21369
21371
21379
21381
21384
21386
21389
21391
21398
21400
21416
21417
21419
21424
21425
21427
21431
21432
21436
21443
21444
21446
21459
21460
21479
21495
21496
21521
21528
21533
21540
21544
24000
24005
24006
24008
24016
24018
24019
24020
24021
24022
24025
24029
24033
24041
24042
24044
24047
24050
24051
24053
25029
25039
25060
25062
25064
25068
25084
25091
25109
25112
25113
25118
25123
25125
25138
25144
25145
25150
25154
25157
25162
25204
25222
25224
25227
25233
25238
25242
25255
25260
25283
25284
25285
25295
25297
25302
25305
25310
25314
25338
25347
25351
25352
25374
25375
25379
25382
25383
25386
25391
25396
25400
25403
25408
25425
25426
25437
25442
25443
25446
25448
25449
25454
25457
25462
25463
25469
25475
25476
25482
25485
25490
25491
25493
25504
25510
25512
25517
25520
25521
25522
25523
25525
25537
25539
25544
25548
25550
25553
25555
25557
25560
25574
25576
25578
25585
25595
25597
25600
25608
25609
25612
25616
25618
25620
25621
25634
25635
25649
25651
25652
25653
25654
25658
25665
25669
25671
25684
25686
25704
25709
25713
25724
25726
25729
25731
25738
25742
25744
25747
25749
25753
25760
25763
25764
25766
25768
25775
25776
25779
25784
25788
25791
25793
25800
25804
25807
25819
25830
25833
25834
25836
25841
25848
25858
25859
25871
25874
25880
25889
25898
25899
25907
25910
25912
25920
25926
25929
25931
25935
25950
25952
25957
25970
25974
25977
25980
25985
25986
25993
25995
25996
25998
25999
26000
26010
26011
26021
26022
26026
26032
26034
26040
26041
26042
26046
26052
26054
26075
26091
26105
26114
26117
26118
26123
26127
26129
26131
26136
26142
26143
26150
26153
26155
26172
26176
26177
26185
26186
26188
26203
26214
26216
26222
26224
26239
26241
26251
26252
26256
26262
26273
26283
26291
26294
26295
26303
26304
26305
26307
26308
26309
26313
26320
26321
26329
26331
26344
26357
26358
26361
26363
26368
26372
26389
26395
26396
26400
26401
26406
26411
26412
26413
26416
26418
26419
26421
26422
26424
26426
26429
26432
26435
26438
26449
26450
26453
26454
26456
26463
26466
26469
26472
26473
26482
26488
26508
26509
26512
26514
26520
26527
26529
26531
26532
26533
26534
26535
26537
26544
26549
26562
26573
26577
26579
26583
26590
26593
26599
26602
26607
26610
26615
26616
26628
26629
26631
26638
26639
26643
26644
26648
26649
26653
26654
26666
26668
26672
26678
26687
26688
26690
26697
26699
26701
26708
26709
26710
26718
26719
26720
26725
26726
26728
26730
26741
26743
26751
26755
26756
26757
26766
26768
26792
26806
26807
26808
26809
26810
26811
26813
26815
26826
26830
26831
26836
26837
26840
26842
26848
26849
26866
26871
26873
26879
26880
26884
26887
26890
26894
26914
26915
26921
26925
26966
26972
26980
26981
26982
26990
27000
27002
27004
27006
27010
27011
27015
27018
27019
27021
27023
27027
27052
27053
27062
27066
27069
27074
27076
27078
27081
27084
27086
27088
27090
27092
27095
27098
27099
27105
27106
27110
27121
27122
27125
27127
27132
27135
27146
27148
27150
27155
27159
27160
27161
27168
27176
27178
27184
27185
27192
27193
27197
27200
27206
27208
27212
27217
27222
27230
27234
27236
27239
27240
27242
27244
27245
27246
27248
27254
27257
27258
27262
27265
27266
27267
27273
27275
27278
27282
27286
27287
27308
27310
27311
27312
27315
27318
27320
27321
27322
27324
27328
27331
27335
27336
27339
27341
27344
27346
27348
27349
27352
27353
27354
27357
27360
27363
27365
27369
27373
27377
27380
27383
27385
27386
27392
27393
27397
27408
27409
27423
27436
27446
27460
27464
27467
27475
27477
27482
27484
27485
27491
27499
27500
27508
27511
27517
27521
27522
27523
27529
27532
27535
27540
27542
27545
27546
27547
27549
27551
27569
27585
27594
27599
27600
27602
27608
27624
27626
27630
27637
27638
27653
27660
27665
27666
27669
27674
27675
27679
27682
27685
27690
27692
27704
27706
27710
27714
27724
27725
27730
27732
27734
27738
27746
27747
27753
27754
27758
27759
27761
27763
27768
27769
27776
27782
27784
27786
27788
27793
27796
27797
27798
27802
27806
27809
27813
27814
27815
27820
27821
27827
27829
27831
27833
27835
27837
27838
27844
27846
27849
27851
27855
27856
27858
27859
27861
27865
27867
27875
27876
27880
27897
27906
27914
27920
27931
27934
27936
27942
27944
27949
27951
27953
27954
27958
27964
27973
27980
27981
27983
27985
27986
27987
27999
28005
28006
28010
28011
28016
28019
28020
28021
28030
28036
28041
28048
28064
28076
28080
28082
28086
28088
28089
28092
28100
28103
28108
28114
28117
28119
28124
28125
28132
28135
28137
28142
28149
28150
28153
28154
28155
28157
28158
28161
28164
28170
28172
28173
28178
28179
28184
28185
28188
28190
28193
28199
28201
28203
28207
28208
28209
28210
28212
28216
28217
28219
28229
28230
28233
28241
28243
28250
28252
28257
28258
28259
28274
28277
28278
28288
28290
28291
28292
28295
28299
28302
28311
28312
28319
28320
28322
28324
28326
28327
28332
28337
28339
28340
28341
28345
28351
28357
28358
28363
28366
28368
28371
28374
28378
28380
28382
28395
28400
28405
28406
28410
28417
28422
28423
28438
28442
28443
28450
28457
28460
28466
28467
28468
28471
28472
28480
28490
28493
28494
28496
28499
28500
28501
28512
28513
28514
28515
28519
28520
28527
28529
28530
28533
28537
28542
28548
28555
28556
28557
28565
28566
28567
28570
28571
28574
28576
28578
28579
28581
28582
28586
28587
28589
28591
28596
28598
28599
28600
28607
28613
28616
28618
28620
28621
28622
28624
28625
28628
28635
28636
28642
28643
28645
28648
28651
28658
28668
28676
28682
28686
28690
28691
28693
28696
28698
28700
28702
28704
28710
28712
28714
28729
28730
28733
28742
28744
28748
28751
28753
28757
28761
28765
28767
28773
28774
28782
28786
28792
28802
28807
28810
28811
28813
28818
28824
28825
28827
28828
28836
28837
28838
28846
28847
28854
28856
28860
28861
28872
28875
28878
28879
28882
28883
28889
28890
28892
28899
28903
28904
28905
28914
28920
28924
28928
28932
28935
